# Matter power spectrum P(k) at redshift z=0
# for k=1.04206e-05 to 5.30492 h/Mpc,
# number of wavenumbers equal to 556
#    1:k (h/Mpc)              2:P (Mpc/h)^3        
       1.042057218184e-05       4.833537043361e+01 
       2.326965113935e-05       1.050300519654e+02 
       3.616368419923e-05       1.608004191666e+02 
       4.913719196333e-05       2.162184424591e+02 
       6.222526312648e-05       2.716135686436e+02 
       7.546386581203e-05       3.272350784549e+02 
       8.889016881434e-05       3.832976874120e+02 
       1.025428770015e-04       4.400002624674e+02 
       1.164625851641e-04       4.975354604921e+02 
       1.306921546291e-04       5.560955879314e+02 
       1.452771169652e-04       6.158767106055e+02 
       1.602661090501e-04       6.770818631175e+02 
       1.757113435956e-04       7.399238162362e+02 
       1.916691188734e-04       8.046276090134e+02 
       2.082003707424e-04       8.714330010529e+02 
       2.253712690394e-04       9.405968891058e+02 
       2.432538587757e-04       1.012395746777e+03 
       2.619267441879e-04       1.087128085686e+03 
       2.814758102448e-04       1.165116930744e+03 
       3.019949713976e-04       1.246712256450e+03 
       3.235869308126e-04       1.332293318351e+03 
       3.463639246424e-04       1.422270768811e+03 
       3.704484147098e-04       1.517088387763e+03 
       3.959736790344e-04       1.617224233547e+03 
       4.230842329326e-04       1.723190924059e+03 
       4.519359944615e-04       1.835534715779e+03 
       4.826960880159e-04       1.954832966679e+03 
       5.155421613670e-04       2.081689530759e+03 
       5.506610782549e-04       2.216727582177e+03 
       5.882468464674e-04       2.360579422081e+03 
       6.284976572906e-04       2.513872891961e+03 
       6.716119540868e-04       2.677214260573e+03 
       7.177835220058e-04       2.851167701017e+03 
       7.671956996163e-04       3.036232039571e+03 
       8.200149507116e-04       3.232815846417e+03 
       8.763841837887e-04       3.441212627661e+03 
       9.364163392868e-04       3.661578183057e+03 
       1.000188844860e-03       3.893912569476e+03 
       1.067739533183e-03       4.138048819377e+03 
       1.139064506533e-03       4.393650230599e+03 
       1.214118224972e-03       4.660216792963e+03 
       1.292815826447e-03       4.937100942921e+03 
       1.375037413735e-03       5.223510094946e+03 
       1.460633823439e-03       5.518572249752e+03 
       1.549433268240e-03       5.821370270530e+03 
       1.641248228609e-03       6.130931125221e+03 
       1.735882049091e-03       6.446272523900e+03 
       1.833134832969e-03       6.766426404380e+03 
       1.932808388848e-03       7.090457905495e+03 
       2.034710131150e-03       7.417479776333e+03 
       2.138655953776e-03       7.746661754541e+03 
       2.244472175272e-03       8.077237273122e+03 
       2.351996696720e-03       8.408505317088e+03 
       2.461079527959e-03       8.739830713541e+03 
       2.571582832363e-03       9.070642193377e+03 
       2.683380623610e-03       9.400428775424e+03 
       2.796358225924e-03       9.728736898564e+03 
       2.910411586514e-03       1.005516447089e+04 
       3.025446507927e-03       1.037935851489e+04 
       3.141377849931e-03       1.070100805799e+04 
       3.258128735840e-03       1.101984287876e+04 
       3.375629786672e-03       1.133562619172e+04 
       3.493818397768e-03       1.164815372902e+04 
       3.612638066151e-03       1.195724822783e+04 
       3.732037772323e-03       1.226275931752e+04 
       3.851971417074e-03       1.256455625831e+04 
       3.972397311841e-03       1.286253076234e+04 
       4.093277719830e-03       1.315658987815e+04 
       4.214578444415e-03       1.344665902216e+04 
       4.336268460976e-03       1.373267246436e+04 
       4.458319588233e-03       1.401458596572e+04 
       4.580706195259e-03       1.429235671408e+04 
       4.703404940501e-03       1.456594906481e+04 
       4.826394539436e-03       1.483530497114e+04 
       4.949655557716e-03       1.510050708478e+04 
       5.073170226988e-03       1.536146863893e+04 
       5.196922280842e-03       1.561821129470e+04 
       5.320896808584e-03       1.587077403537e+04 
       5.445080124821e-03       1.611917061598e+04 
       5.569459653030e-03       1.636335288096e+04 
       5.694023821536e-03       1.660261945318e+04 
       5.818761970459e-03       1.683846148469e+04 
       5.943664268392e-03       1.707016087326e+04 
       6.068721637714e-03       1.729769659062e+04 
       6.193925687552e-03       1.752122439801e+04 
       6.319268653545e-03       1.774084682581e+04 
       6.444743343658e-03       1.795662302317e+04 
       6.570343089363e-03       1.816789619641e+04 
       6.696061701623e-03       1.837529625884e+04 
       6.821893431135e-03       1.857871540237e+04 
       6.947832932396e-03       1.877832662645e+04 
       7.073875231174e-03       1.897407673585e+04 
       7.200015695025e-03       1.916595688162e+04 
       7.326250006543e-03       1.935404412192e+04 
       7.452574139067e-03       1.953822018048e+04 
       7.578984334573e-03       1.971886630361e+04 
       7.705477083560e-03       1.989631488741e+04 
       7.832049106704e-03       2.006958501691e+04 
       7.958697338122e-03       2.023922071206e+04 
       8.085418910085e-03       2.040527702979e+04 
       8.212211139035e-03       2.056784189476e+04 
       8.339071512782e-03       2.072688084558e+04 
       8.465997678782e-03       2.088244850986e+04 
       8.592987433375e-03       2.103458252469e+04 
       8.720038711909e-03       2.118333306179e+04 
       8.847149579664e-03       2.132872117987e+04 
       8.974318223503e-03       2.147075265489e+04 
       9.101542944184e-03       2.160952459196e+04 
       9.228822149283e-03       2.174505523162e+04 
       9.356154346657e-03       2.187736565718e+04 
       9.483538138424e-03       2.200650661960e+04 
       9.610972215393e-03       2.213251448916e+04 
       9.738455351918e-03       2.225544288124e+04 
       9.865986401144e-03       2.237520858561e+04 
       9.993564290599e-03       2.249205367432e+04 
       1.012118801812e-02       2.260575864159e+04 
       1.024885664806e-02       2.271655014074e+04 
       1.037656930782e-02       2.282448484814e+04 
       1.050432518453e-02       2.292943016235e+04 
       1.063212352213e-02       2.303145008191e+04 
       1.075996361846e-02       2.313076696060e+04 
       1.088784482274e-02       2.322710217539e+04 
       1.101576653312e-02       2.332080182967e+04 
       1.114372819442e-02       2.341171247834e+04 
       1.127172929608e-02       2.349993484748e+04 
       1.139976937015e-02       2.358545345549e+04 
       1.152784798955e-02       2.366832851345e+04 
       1.165596476636e-02       2.374858311856e+04 
       1.178411935025e-02       2.382626318632e+04 
       1.191231142702e-02       2.390137399843e+04 
       1.204054071726e-02       2.397404172804e+04 
       1.216880697510e-02       2.404401298820e+04 
       1.229710998701e-02       2.411163699197e+04 
       1.242544957074e-02       2.417678933143e+04 
       1.255382557428e-02       2.423957629822e+04 
       1.268223787496e-02       2.429994998716e+04 
       1.281068637856e-02       2.435802728687e+04 
       1.293917101849e-02       2.441371204758e+04 
       1.306769175507e-02       2.446713652766e+04 
       1.319624857482e-02       2.451823861451e+04 
       1.332484148984e-02       2.456714624852e+04 
       1.345347053722e-02       2.461385741491e+04 
       1.358213577848e-02       2.465840862684e+04 
       1.371083729910e-02       2.470067258666e+04 
       1.383957520805e-02       2.474081408513e+04 
       1.396834963739e-02       2.477887243796e+04 
       1.409716074188e-02       2.481487934540e+04 
       1.422600869865e-02       2.484884434634e+04 
       1.435489370691e-02       2.488074047960e+04 
       1.448381598764e-02       2.491059302805e+04 
       1.461277578339e-02       2.493852491048e+04 
       1.474177335802e-02       2.496446801525e+04 
       1.487080899657e-02       2.498851872810e+04 
       1.499988300507e-02       2.501058267382e+04 
       1.512899571040e-02       2.503082059087e+04 
       1.525814746024e-02       2.504918548848e+04 
       1.538733862292e-02       2.506575088769e+04 
       1.551656958740e-02       2.508042368697e+04 
       1.564584076324e-02       2.509338384998e+04 
       1.577515258056e-02       2.510453384634e+04 
       1.590450549008e-02       2.511400775302e+04 
       1.603389996311e-02       2.512170871692e+04 
       1.616333649164e-02       2.512772227873e+04 
       1.629281558838e-02       2.513207889476e+04 
       1.642233778684e-02       2.513473361633e+04 
       1.655190364148e-02       2.513575138278e+04 
       1.668151372777e-02       2.513528199883e+04 
       1.681116864238e-02       2.513314071358e+04 
       1.694086900332e-02       2.512955541880e+04 
       1.707061545012e-02       2.512426409504e+04 
       1.720040864404e-02       2.511750604364e+04 
       1.733024926823e-02       2.510925285479e+04 
       1.746013802802e-02       2.509955995187e+04 
       1.759007565113e-02       2.508839227019e+04 
       1.772006288793e-02       2.507484940504e+04 
       1.785010051173e-02       2.506180149239e+04 
       1.798018931907e-02       2.504555395295e+04 
       1.811033013003e-02       2.502966426040e+04 
       1.824052378856e-02       2.501069839891e+04 
       1.837077116281e-02       2.499122910726e+04 
       1.850107314553e-02       2.497071159877e+04 
       1.863143065438e-02       2.494919699710e+04 
       1.876184463241e-02       2.492574407598e+04 
       1.889231604838e-02       2.490059020406e+04 
       1.902284589729e-02       2.487530899309e+04 
       1.915343520073e-02       2.484768207986e+04 
       1.928408500740e-02       2.481923141869e+04 
       1.941479639358e-02       2.478963141986e+04 
       1.954557046365e-02       2.476029799133e+04 
       1.967640835055e-02       2.472848750855e+04 
       1.980731121640e-02       2.469558125680e+04 
       1.993828025299e-02       2.466111799106e+04 
       2.006931668239e-02       2.462614904815e+04 
       2.020042175753e-02       2.458989542829e+04 
       2.033159676283e-02       2.455368824043e+04 
       2.046284301485e-02       2.451555756785e+04 
       2.059416186291e-02       2.447641207555e+04 
       2.072555468981e-02       2.443525728402e+04 
       2.085702291251e-02       2.439433659850e+04 
       2.098856798287e-02       2.435298593986e+04 
       2.112019138838e-02       2.430926082364e+04 
       2.125189465297e-02       2.426511132716e+04 
       2.138367933776e-02       2.422025572805e+04 
       2.151554704192e-02       2.417455736095e+04 
       2.164749940353e-02       2.412796018809e+04 
       2.177953810039e-02       2.408067175796e+04 
       2.191166485102e-02       2.403232657260e+04 
       2.204388141551e-02       2.398314330350e+04 
       2.217618959651e-02       2.393310976809e+04 
       2.230859124026e-02       2.388252456330e+04 
       2.244108823754e-02       2.383094971032e+04 
       2.257368252478e-02       2.377857239092e+04 
       2.270637608514e-02       2.372565184500e+04 
       2.283917094962e-02       2.367232131514e+04 
       2.297206919819e-02       2.361745369942e+04 
       2.310507296106e-02       2.356294994944e+04 
       2.323818441983e-02       2.350637141800e+04 
       2.337140580881e-02       2.344990523920e+04 
       2.350473941631e-02       2.339259610349e+04 
       2.363818758599e-02       2.333495297664e+04 
       2.377175271826e-02       2.327633697661e+04 
       2.390543727172e-02       2.321726424227e+04 
       2.403924376464e-02       2.315765772743e+04 
       2.417317477650e-02       2.309731110889e+04 
       2.430723294956e-02       2.303721581801e+04 
       2.444142099048e-02       2.297518550096e+04 
       2.457574167206e-02       2.291306459907e+04 
       2.471019783491e-02       2.285120507975e+04 
       2.484479238930e-02       2.278781834602e+04 
       2.497952831698e-02       2.272432075630e+04 
       2.511440867313e-02       2.265999589085e+04 
       2.524943658832e-02       2.259560501897e+04 
       2.538461527057e-02       2.253070913580e+04 
       2.551994800746e-02       2.246533299578e+04 
       2.565543816831e-02       2.239948385847e+04 
       2.579108920646e-02       2.233319418732e+04 
       2.592690466161e-02       2.226651994237e+04 
       2.606288816221e-02       2.219928183895e+04 
       2.619904342800e-02       2.213225824590e+04 
       2.633537427260e-02       2.206383444361e+04 
       2.647188460614e-02       2.199545537584e+04 
       2.660857843812e-02       2.192685092218e+04 
       2.674545988020e-02       2.185778286003e+04 
       2.688253314924e-02       2.178891740722e+04 
       2.701980257034e-02       2.171878905916e+04 
       2.715727258008e-02       2.164914414501e+04 
       2.729494772978e-02       2.157880416544e+04 
       2.743283268897e-02       2.150804371409e+04 
       2.757093224894e-02       2.143699698130e+04 
       2.770925132643e-02       2.136580851133e+04 
       2.784779496747e-02       2.129457749363e+04 
       2.798656835131e-02       2.122272656120e+04 
       2.812557679463e-02       2.115070802895e+04 
       2.826482575574e-02       2.107849333796e+04 
       2.840432083907e-02       2.100606527904e+04 
       2.854406779979e-02       2.093338397860e+04 
       2.868407254861e-02       2.086055381417e+04 
       2.882434115674e-02       2.078741854775e+04 
       2.896487986116e-02       2.071447250653e+04 
       2.910569506991e-02       2.064072869375e+04 
       2.924679336780e-02       2.056709998886e+04 
       2.938818152221e-02       2.049364874141e+04 
       2.952986648917e-02       2.041930506723e+04 
       2.967185541973e-02       2.034561880515e+04 
       2.981415566652e-02       2.027088868266e+04 
       2.995677479066e-02       2.019640427778e+04 
       3.009972056892e-02       2.012186619023e+04 
       3.024300100120e-02       2.004727841850e+04 
       3.038662431832e-02       1.997280964205e+04 
       3.053059899018e-02       1.989748839561e+04 
       3.067493373426e-02       1.982251817070e+04 
       3.081963752444e-02       1.974737031178e+04 
       3.096471960036e-02       1.967221821183e+04 
       3.111018947703e-02       1.959688851639e+04 
       3.125605695502e-02       1.952189834755e+04 
       3.140233213101e-02       1.944639888222e+04 
       3.154902540892e-02       1.937073865484e+04 
       3.169614751148e-02       1.929504416943e+04 
       3.184370949240e-02       1.921939428295e+04 
       3.199172274911e-02       1.914390724350e+04 
       3.214019903610e-02       1.906799374549e+04 
       3.228915047893e-02       1.899231441103e+04 
       3.243858958890e-02       1.891652729916e+04 
       3.258852927845e-02       1.884086481913e+04 
       3.273898287738e-02       1.876491249991e+04 
       3.288996414982e-02       1.868893875263e+04 
       3.304148731212e-02       1.861305891620e+04 
       3.319356705163e-02       1.853733832043e+04 
       3.334621854646e-02       1.846141971651e+04 
       3.349945748635e-02       1.838550193447e+04 
       3.365330009452e-02       1.830937483596e+04 
       3.380776315081e-02       1.823348020628e+04 
       3.396286401605e-02       1.815778151573e+04 
       3.411862065771e-02       1.808189872087e+04 
       3.427505167708e-02       1.800596412366e+04 
       3.443217633787e-02       1.792995695794e+04 
       3.459001459651e-02       1.785441280087e+04 
       3.474858713418e-02       1.777825419370e+04 
       3.490791539065e-02       1.770248572823e+04 
       3.506802160016e-02       1.762679528078e+04 
       3.522892882941e-02       1.755112693305e+04 
       3.539066101789e-02       1.747532221823e+04 
       3.555324302053e-02       1.739960740395e+04 
       3.571670065315e-02       1.732400214778e+04 
       3.588106074060e-02       1.724830114023e+04 
       3.604635116804e-02       1.717277144053e+04 
       3.621260093542e-02       1.709724168986e+04 
       3.637984021551e-02       1.702177935537e+04 
       3.654810041579e-02       1.694621846185e+04 
       3.671741424433e-02       1.687111566796e+04 
       3.688781578021e-02       1.679552950237e+04 
       3.705934054869e-02       1.672006874332e+04 
       3.723202560152e-02       1.664478760487e+04 
       3.740590960297e-02       1.656949475031e+04 
       3.758103292187e-02       1.649417503012e+04 
       3.775743773031e-02       1.641905111672e+04 
       3.793516810952e-02       1.634395099932e+04 
       3.811427016357e-02       1.626866267463e+04 
       3.829479214161e-02       1.619361328589e+04 
       3.847678456938e-02       1.611849979690e+04 
       3.866030039094e-02       1.604338801911e+04 
       3.884539512139e-02       1.596817736126e+04 
       3.903212701182e-02       1.589331466742e+04 
       3.922055722761e-02       1.581823199276e+04 
       3.941075004120e-02       1.574325212860e+04 
       3.960277304110e-02       1.566817130849e+04 
       3.979669735847e-02       1.559325323359e+04 
       3.999259791324e-02       1.551847513140e+04 
       4.019055368174e-02       1.544328871911e+04 
       4.039064798809e-02       1.536840362086e+04 
       4.059296882201e-02       1.529337824780e+04 
       4.079760918577e-02       1.521800573809e+04 
       4.100466747371e-02       1.514312971092e+04 
       4.121424788781e-02       1.506812451223e+04 
       4.142646089368e-02       1.499282376896e+04 
       4.164142372148e-02       1.491756587124e+04 
       4.185926091731e-02       1.484237442723e+04 
       4.208010495114e-02       1.476709280048e+04 
       4.230409688829e-02       1.469150491050e+04 
       4.253138713242e-02       1.461600385825e+04 
       4.276213624940e-02       1.454052658214e+04 
       4.299651588252e-02       1.446459380145e+04 
       4.323470977134e-02       1.438892743730e+04 
       4.347691488842e-02       1.431273394306e+04 
       4.372334271023e-02       1.423659341102e+04 
       4.397422064162e-02       1.416025523222e+04 
       4.422979361595e-02       1.408372902203e+04 
       4.449032589725e-02       1.400691445371e+04 
       4.475610311515e-02       1.393013581488e+04 
       4.502743456867e-02       1.385276992767e+04 
       4.530465584204e-02       1.377526048742e+04 
       4.558813178310e-02       1.369756775132e+04 
       4.587825990516e-02       1.361962930147e+04 
       4.617547428461e-02       1.354102078873e+04 
       4.648025004136e-02       1.346221936325e+04 
       4.679310850673e-02       1.338303173698e+04 
       4.711462320573e-02       1.330319914017e+04 
       4.744542680759e-02       1.322267592306e+04 
       4.778621923240e-02       1.314226190562e+04 
       4.813777714408e-02       1.306085190194e+04 
       4.850096511295e-02       1.297860820336e+04 
       4.887674879782e-02       1.289547685960e+04 
       4.926621058231e-02       1.281185112313e+04 
       4.967056820691e-02       1.272744987479e+04 
       5.009119707467e-02       1.264187014067e+04 
       5.052965708180e-02       1.255533453254e+04 
       5.098772504579e-02       1.246749736931e+04 
       5.146743408517e-02       1.237854404245e+04 
       5.197112166251e-02       1.228830516396e+04 
       5.250148845152e-02       1.219605030646e+04 
       5.306167074670e-02       1.210206172414e+04 
       5.365532980581e-02       1.200587160608e+04 
       5.428676228941e-02       1.190685444457e+04 
       5.496103676842e-02       1.180509491715e+04 
       5.568416193294e-02       1.169978824115e+04 
       5.646329224261e-02       1.159046083034e+04 
       5.730697544694e-02       1.147629204455e+04 
       5.822544195728e-02       1.135620245432e+04 
       5.923092522564e-02       1.122880957664e+04 
       6.033797935551e-02       1.109122864761e+04 
       6.156371606481e-02       1.094282946717e+04 
       6.292780638979e-02       1.077871259816e+04 
       6.445197721567e-02       1.059450474636e+04 
       6.615860384104e-02       1.038501889824e+04 
       6.806796623030e-02       1.014355895550e+04 
       7.019404127829e-02       9.861757177790e+03 
       7.253961342587e-02       9.534312863485e+03 
       7.509278904858e-02       9.157676153931e+03 
       7.782744566777e-02       8.734909449380e+03 
       8.070834095366e-02       8.275447951892e+03 
       8.369850884430e-02       7.795271045751e+03 
       8.676533532422e-02       7.312753734751e+03 
       8.988341123127e-02       6.846656517457e+03 
       9.303459767078e-02       6.412864831074e+03 
       9.620669004734e-02       6.022885891781e+03 
       9.939178858947e-02       5.683454046488e+03 
       1.025849046010e-01       5.396383381751e+03 
       1.057829359452e-01       5.159319291844e+03 
       1.089839718391e-01       4.966677312895e+03 
       1.121868420755e-01       4.810157028869e+03 
       1.153908324266e-01       4.680700478260e+03 
       1.185955077964e-01       4.568226164597e+03 
       1.218006033688e-01       4.463109866547e+03 
       1.250059579924e-01       4.357183912634e+03 
       1.282114735525e-01       4.243797445899e+03 
       1.314170902444e-01       4.118514713422e+03 
       1.346227715420e-01       3.980368164857e+03 
       1.378284950670e-01       3.830057783637e+03 
       1.410342470441e-01       3.670242766787e+03 
       1.442400189343e-01       3.505348327276e+03 
       1.474458053903e-01       3.340239505380e+03 
       1.506516030147e-01       3.180163701012e+03 
       1.538574096054e-01       3.029448085116e+03 
       1.570632236960e-01       2.891538591646e+03 
       1.602690442773e-01       2.768785430418e+03 
       1.634748706258e-01       2.661963734813e+03 
       1.666807021999e-01       2.571005753576e+03 
       1.698865385759e-01       2.494404897232e+03 
       1.730923794085e-01       2.430220551705e+03 
       1.762982244060e-01       2.375515072128e+03 
       1.795040733151e-01       2.327490525049e+03 
       1.827099259110e-01       2.283147715211e+03 
       1.859157819909e-01       2.240054970196e+03 
       1.891216413698e-01       2.195530534485e+03 
       1.923275038775e-01       2.147532976933e+03 
       1.955333693566e-01       2.095195998059e+03 
       1.987392376607e-01       2.038340422756e+03 
       2.019451086532e-01       1.977486171080e+03 
       2.051509822068e-01       1.913912903832e+03 
       2.083568582019e-01       1.849135792165e+03 
       2.115627365265e-01       1.784755619113e+03 
       2.147686170754e-01       1.722351273872e+03 
       2.179744997497e-01       1.663165469900e+03 
       2.211803844563e-01       1.608063853230e+03 
       2.243862711073e-01       1.557878114408e+03 
       2.275921596201e-01       1.512681324912e+03 
       2.307980499166e-01       1.472641033379e+03 
       2.340039419228e-01       1.437283696848e+03 
       2.372098355691e-01       1.406076027745e+03 
       2.404157307893e-01       1.378161915814e+03 
       2.436216275209e-01       1.352616552814e+03 
       2.468275257047e-01       1.328369797647e+03 
       2.500334252845e-01       1.304696435938e+03 
       2.532393262068e-01       1.280659721546e+03 
       2.564452284211e-01       1.255833064170e+03 
       2.596511318792e-01       1.229999680850e+03 
       2.628570365352e-01       1.202991184806e+03 
       2.660629423457e-01       1.174927007334e+03 
       2.692688492691e-01       1.146069485936e+03 
       2.724747572660e-01       1.116794642342e+03 
       2.756806662986e-01       1.087608410659e+03 
       2.788865763311e-01       1.059003274406e+03 
       2.820924873292e-01       1.031420889274e+03 
       2.852983992601e-01       1.005267708385e+03 
       2.885043120926e-01       9.808126102606e+02 
       2.917102257967e-01       9.581623914248e+02 
       2.949161403440e-01       9.373470004399e+02 
       2.981220557070e-01       9.181950982281e+02 
       3.013279718595e-01       9.005441989095e+02 
       3.045338887766e-01       8.840937331731e+02 
       3.077398064342e-01       8.686070520054e+02 
       3.109457248093e-01       8.537653955932e+02 
       3.141516438798e-01       8.392772434863e+02 
       3.173575636245e-01       8.250060507899e+02 
       3.205634840231e-01       8.106476198578e+02 
       3.237694050560e-01       7.960599660601e+02 
       3.269753267046e-01       7.812957350476e+02 
       3.301812489507e-01       7.662698359200e+02 
       3.333871717772e-01       7.510990940469e+02 
       3.365930951673e-01       7.359105145395e+02 
       3.397990191049e-01       7.208422723877e+02 
       3.430049435747e-01       7.060078314108e+02 
       3.462108685619e-01       6.915873871680e+02 
       3.494167940520e-01       6.776655579424e+02 
       3.526227200314e-01       6.643225225589e+02 
       3.558286464867e-01       6.515901962713e+02 
       3.590345734052e-01       6.395459598317e+02 
       3.622405007744e-01       6.281319059255e+02 
       3.654464285826e-01       6.173283783065e+02 
       3.686523568181e-01       6.070669620873e+02 
       3.718582854698e-01       5.972277633887e+02 
       3.750642145271e-01       5.877284965748e+02 
       3.782701439797e-01       5.784217116191e+02 
       3.814760738174e-01       5.692922164439e+02 
       3.846820040306e-01       5.602847319663e+02 
       3.878879346100e-01       5.513092114167e+02 
       3.910938655465e-01       5.424035766094e+02 
       3.942997968315e-01       5.334953099030e+02 
       3.975057284563e-01       5.246350331447e+02 
       4.007116604129e-01       5.158424089368e+02 
       4.039175926933e-01       5.071247889063e+02 
       4.071235252897e-01       4.985454010879e+02 
       4.103294581949e-01       4.901374643707e+02 
       4.135353914016e-01       4.819597961739e+02 
       4.167413249027e-01       4.740031961239e+02 
       4.199472586916e-01       4.662889460277e+02 
       4.231531927616e-01       4.588391665843e+02 
       4.263591271064e-01       4.516384931157e+02 
       4.295650617198e-01       4.446762657455e+02 
       4.327709965959e-01       4.379411819374e+02 
       4.359769317287e-01       4.314246513352e+02 
       4.391828671128e-01       4.250959001548e+02 
       4.423888027425e-01       4.189162102262e+02 
       4.455947386125e-01       4.128934338860e+02 
       4.488006747178e-01       4.069984536066e+02 
       4.520066110532e-01       4.011598397920e+02 
       4.552125476139e-01       3.954003498253e+02 
       4.584184843952e-01       3.897083971294e+02 
       4.616244213924e-01       3.840795851547e+02 
       4.648303586011e-01       3.785180913212e+02 
       4.680362960168e-01       3.730290214332e+02 
       4.712422336354e-01       3.676177157717e+02 
       4.744481714528e-01       3.622900755687e+02 
       4.776541094648e-01       3.570677706192e+02 
       4.808600476677e-01       3.519336655882e+02 
       4.840659860575e-01       3.469114026254e+02 
       4.872719246307e-01       3.420152566748e+02 
       4.904778633835e-01       3.372480027663e+02 
       4.936838023125e-01       3.326108238138e+02 
       4.968897414143e-01       3.280952814849e+02 
       5.000956806855e-01       3.236920996200e+02 
       5.033016201229e-01       3.193900335583e+02 
       5.065075597233e-01       3.151755352041e+02 
       5.097134994836e-01       3.110491735043e+02 
       5.129194394008e-01       3.069961813685e+02 
       5.161253794721e-01       3.030113090637e+02 
       5.193313196944e-01       2.990921164026e+02 
       5.225372600651e-01       2.952288484940e+02 
       5.257432005814e-01       2.914173000406e+02 
       5.289491412406e-01       2.876544276779e+02 
       5.321550820403e-01       2.839408105225e+02 
       5.353610229777e-01       2.802811084907e+02 
       5.385669640505e-01       2.766807529240e+02 
       5.417729052563e-01       2.731442217982e+02 
       5.449788465927e-01       2.696728895435e+02 
       5.481847880574e-01       2.662680468403e+02 
       5.513907296481e-01       2.629278567688e+02 
       5.545966713627e-01       2.596495226479e+02 
       5.578026131991e-01       2.564338397419e+02 
       5.610085551551e-01       2.532802452354e+02 
       5.642144972286e-01       2.501888746878e+02 
       5.912890594794e-01       2.261795125052e+02 
       6.218764275740e-01       2.026006877792e+02 
       6.572237826095e-01       1.795163264571e+02 
       6.993581371919e-01       1.564931117870e+02 
       7.518222180485e-01       1.332445548823e+02 
       8.213610635644e-01       1.092532092818e+02 
       9.218987702378e-01       8.407699132086e+01 
       1.081607111258e+00       5.823389502859e+01 
       1.334354073826e+00       3.564629976412e+01 
       1.677592725643e+00       2.067797640042e+01 
       2.111925034233e+00       1.185031460045e+01 
       2.658755962969e+00       6.735595221348e+00 
       3.347175445481e+00       3.800330207874e+00 
       4.213844226050e+00       2.129658173819e+00 
       5.304915577516e+00       1.186172859375e+00 
